205026    0359     6700.00
253403    0359     7900.00
349486    0359     6700.00
350065    0359     1200.00
401792    0359     1200.00
438487    0359     1200.00
638730    0359     6700.00
684855    0359     6700.00
895135    0359     1200.00
943163    0359     6700.00
950665    0359     1200.00
992456    0359     1200.00
1108625   0359     1200.00
1114398   0359     1200.00
1127616   0359     1200.00
1241606   0359     1200.00
1245015   0359     1200.00
1258062   0359     1200.00
1259546   0359     1200.00
1261677   0359     6700.00
1262287   0359     1200.00
1263324   0359    11500.00
1268344   0359     1200.00
1269885   0359     1200.00
1273458   0359     1200.00
1274269   0359     7900.00
1274542   0359     1200.00
1274933   0359     1200.00
1275170   0359     1200.00
1275718   0359     1200.00
1275829   0359     1200.00
1275958   0359     1200.00
1276735   0359     1200.00
1276751   0359     6700.00
1278152   0359     7900.00
1336156   0359     1200.00
1346236   0359     1200.00
1407002   0359     1200.00
1408486   0359     5500.00
1409570   0359     1200.00
1605426   0359     1200.00
1656678   0359     1200.00
1662134   0359     6700.00
1776221   0359     1200.00
1885679   0359     1200.00
2034585   0359     1200.00
2061152   0359     1200.00
2109704   0359     1200.00
2111928   0359     1200.00
2143300   0359     1200.00
2188779   0359     6700.00
2195963   0359     1200.00
2196874   0359     1200.00
2198748   0359     1200.00
2225817   0359     1200.00
2362882   0359     1200.00
2380654   0359     7700.00
2384386   0359     1200.00
2384564   0359     1200.00
2384565   0359     1200.00
2457551   0359     1200.00
2472993   0359     1200.00
2515167   0359     1200.00
2515307   0359     6700.00
2533220   0359     7900.00
2533387   0359     6700.00
2534181   0359     6700.00
2535875   0359     1200.00
2535926   0359     1200.00
2536403   0359     7900.00
2536801   0359     1200.00
2537768   0359     1200.00
2539446   0359     1200.00
2540170   0359     1200.00
2541016   0359     1200.00
2541687   0359     1200.00
2543469   0359     1200.00
2543525   0359     1200.00
2544174   0359     1200.00
2544321   0359     7900.00
2544519   0359     6700.00
2544540   0359     1200.00
2544849   0359     1200.00
2544868   0359     6700.00
2566069   0359     1200.00
2567060   0359     6700.00
2570719   0359     1200.00
2573334   0359     1200.00
2590784   0359     1200.00
2594608   0359     1200.00
2598473   0359     1200.00
2598760   0359     1200.00
2600150   0359     1200.00
2601228   0359     1200.00
2601655   0359     1200.00
2602276   0359     6700.00
2602328   0359     1200.00
2603795   0359     8560.00
2604446   0359     1200.00
2608876   0359     1200.00
2688860   0359     9100.00
2717197   0359     1200.00
2722800   0359     1200.00
2723463   0359     6700.00
2725454   0359     1200.00
2756321   0359     1200.00
2809884   0359     1200.00
2817744   0359     1200.00
2822781   0359     1200.00
2865185   0359     1200.00
2867290   0359     6700.00
2879546   0359     1200.00
2890820   0359     7900.00
2893112   0359     1200.00
2910082   0359     1200.00
2910231   0359     6700.00
2910598   0359     1200.00
2910672   0359     1200.00
2912261   0359     1200.00
2912819   0359     1200.00
2912820   0359     6700.00
2913314   0359     1200.00
2913717   0359     1200.00
2913978   0359     1200.00
2914110   0359     6700.00
2915041   0359     1200.00
2915096   0359     1200.00
2915341   0359     1200.00
2915762   0359     1200.00
2915965   0359     1200.00
2915989   0359     1200.00
2916363   0359     1200.00
2916594   0359     1200.00
2916821   0359     1200.00
2917055   0359     1200.00
2917116   0359     1200.00
2917573   0359     6700.00
2917807   0359     1800.00
2918204   0359     6700.00
2918219   0359     1200.00
2918816   0359     1200.00
2961321   0359     1200.00
2964950   0359     1200.00
2970309   0359     1200.00
2988461   0359     1200.00
3041076   0359     1200.00
3044073   0359     2050.00
3063888   0359     6700.00
3077406   0359     1200.00
3080058   0359     1200.00
3080468   0359     1200.00
3081311   0359     7640.00
3081943   0359     1200.00
3081988   0359     1200.00
3082238   0359     6700.00
3082513   0359     1200.00
3082666   0359     6700.00
3082721   0359     6700.00
3082858   0359     1200.00
3083248   0359     6700.00
3083615   0359     1200.00
3083980   0359     6700.00
3083986   0359    10300.00
3084643   0359     1200.00
3085663   0359     1200.00
3086889   0359     1200.00
3086993   0359     1200.00
3087946   0359     1200.00
3088173   0359     1200.00
3088205   0359     1200.00
3088515   0359     6700.00
3088743   0359     1200.00
3088856   0359     1200.00
3089021   0359     1200.00
3089510   0359     1200.00
3089616   0359     1200.00
3089939   0359     1200.00
3094142   0359     7900.00
3097930   0359     1200.00
3116498   0359     1200.00
3180155   0359     1200.00
3189879   0359     1200.00
3212184   0359     6700.00
3213170   0359     1200.00
3244024   0359     6700.00
3278592   0359     1200.00
3314027   0359     7900.00
3314283   0359     1200.00
3314319   0359     7900.00
3314373   0359     6700.00
3314437   0359     1200.00
3315684   0359    11500.00
3316656   0359     1200.00
3316724   0359     7900.00
3316765   0359     1200.00
3316788   0359     1200.00
3316937   0359     1200.00
3316970   0359     6700.00
3317400   0359     1200.00
3318087   0359     1200.00
3318320   0359     6700.00
3318396   0359     1200.00
3318415   0359     6700.00
3318757   0359     1200.00
3318930   0359     1200.00
3320268   0359     6700.00
3320496   0359     1200.00
3320631   0359     1200.00
3320726   0359     1200.00
3320729   0359     1200.00
3320735   0359     1200.00
3320983   0359     1200.00
3321385   0359     1200.00
3321554   0359     6700.00
3322663   0359     1200.00
3323265   0359     6700.00
3323426   0359     1200.00
3324097   0359     9100.00
3324368   0359     1200.00
3353589   0359     1200.00
3367702   0359     1200.00
3440849   0359     1200.00
3444711   0359     1200.00
3445497   0359     1200.00
3445677   0359     1200.00
3446840   0359     1200.00
3458643   0359     7900.00
3469379   0359     1200.00
3472513   0359     1200.00
3479834   0359     1200.00
3483516   0359     3450.00
3485496   0359     1200.00
3528337   0359     1200.00
3528391   0359     6700.00
3529296   0359     1200.00
3533227   0359     1200.00
3533233   0359     1200.00
3533570   0359     1200.00
3533797   0359     1200.00
3534091   0359     6700.00
3534611   0359     1200.00
3534991   0359     1200.00
3535375   0359     1200.00
3535998   0359     6700.00
3536041   0359     1200.00
3536209   0359     1200.00
3536852   0359     1200.00
3536865   0359     1200.00
3537286   0359     1200.00
3537311   0359     1200.00
3537539   0359     1200.00
3537958   0359     1200.00
3538498   0359     6700.00
3538617   0359     1200.00
3539165   0359     1200.00
3539346   0359     1200.00
3539516   0359     7900.00
3539628   0359     1200.00
3540173   0359     6700.00
3540358   0359     6700.00
3540410   0359     1200.00
3540461   0359     1200.00
3540482   0359     1200.00
3540648   0359     1483.33
3540652   0359     1200.00
3540745   0359     1200.00
3541063   0359     1200.00
3541443   0359     1200.00
3541483   0359     6700.00
3541512   0359     1200.00
3541690   0359     6700.00
3541698   0359     1200.00
3541738   0359     1200.00
3541945   0359     1200.00
3542014   0359     1200.00
3542455   0359     1200.00
3542820   0359     1200.00
3542822   0359     1200.00
3542871   0359     6900.00
3558011   0359     6700.00
3561841   0359     1200.00
3624312   0359     1200.00
3624693   0359     1200.00
3627336   0359     1200.00
3627967   0359     6700.00
3628625   0359     1200.00
3652231   0359     1200.00
3664540   0359     1200.00
3664600   0359     6700.00
3706125   0359     6700.00
3728826   0359     1200.00
3736002   0359     1200.00
3751000   0359     1200.00
3759281   0359     6700.00
3765042   0359     1200.00
3766736   0359     1200.00
3783269   0359     1200.00
3783791   0359     1200.00
3784500   0359     1200.00
3786137   0359     6700.00
3787733   0359     1200.00
3791053   0359     1200.00
3794124   0359     1200.00
3817140   0359     7900.00
3819530   0359     1200.00
3843836   0359     1200.00
3855002   0359     6700.00
3855137   0359     1200.00
3855146   0359     1200.00
3855247   0359     1200.00
3855432   0359     1200.00
3855498   0359     6700.00
3855588   0359     1200.00
3856284   0359     1200.00
3856329   0359     7900.00
3856355   0359     6700.00
3856676   0359     1200.00
3857216   0359    15100.00
3857225   0359     1200.00
3857276   0359     1200.00
3857743   0359     1200.00
3857806   0359     1200.00
3858055   0359     7900.00
3858311   0359     6700.00
3858449   0359     1200.00
3858479   0359     1200.00
3858530   0359    11500.00
3858848   0359     1200.00
3858890   0359     7900.00
3859010   0359     1200.00
3859350   0359     1200.00
3859580   0359     1200.00
3859763   0359     1200.00
3860302   0359     1200.00
3860334   0359     1200.00
3860660   0359     6700.00
3860703   0359     1200.00
3860938   0359     1200.00
3861029   0359     6700.00
3861176   0359     1200.00
3861202   0359     1200.00
3861256   0359     7900.00
3861303   0359     1200.00
3861395   0359     1200.00
3861537   0359     1200.00
3862130   0359     1200.00
3862209   0359     1200.00
3862281   0359     1200.00
3862402   0359     1200.00
3862505   0359     1200.00
3862794   0359     1200.00
3862797   0359     1200.00
3863053   0359     1200.00
3863111   0359     1200.00
3863330   0359     6700.00
3863484   0359     6700.00
3863513   0359     1200.00
3863534   0359     1200.00
3863688   0359     1200.00
3864076   0359     1200.00
3864110   0359     6700.00
3864157   0359     1200.00
3868019   0359     1200.00
3869666   0359     1200.00
3875279   0359     1200.00
3876910   0359     1200.00
3877161   0359     7700.00
3878237   0359     1200.00
3878750   0359     6700.00
3884667   0359     6700.00
3887863   0359     1200.00
3891539   0359     1200.00
3905181   0359     1200.00
3907023   0359    12900.00
3913755   0359     1200.00
3928915   0359     1200.00
3948176   0359     1200.00
3964046   0359     1200.00
3978261   0359     1200.00
3983557   0359     1200.00
3994036   0359     1200.00
4000441   0359     1200.00
4007325   0359     1200.00
4021521   0359     1200.00
4064185   0359     1200.00
4064220   0359     1200.00
4064412   0359     1200.00
4064492   0359     1200.00
4064495   0359     1200.00
4064662   0359     6700.00
4064670   0359     1200.00
4064812   0359     1200.00
4064888   0359     1200.00
4065347   0359     1200.00
4065515   0359     1200.00
4065578   0359     6700.00
4065591   0359     1200.00
4065903   0359     1200.00
4066029   0359     6700.00
4066122   0359     1200.00
4066256   0359     1200.00
4066260   0359     7900.00
4066324   0359     1200.00
4066354   0359     1200.00
4066602   0359     1200.00
4066796   0359     1200.00
4066944   0359     6700.00
4067228   0359     1200.00
4067668   0359     1200.00
4067727   0359     1200.00
4068118   0359     6700.00
4068448   0359     1200.00
4068488   0359     6700.00
4068939   0359     6700.00
4069131   0359     1200.00
4069206   0359     9100.00
4069210   0359     1200.00
4069431   0359     7900.00
4069676   0359     1200.00
4069867   0359     1200.00
4070330   0359     7820.00
4070387   0359     1200.00
4070883   0359     1200.00
4070967   0359     1200.00
4071010   0359     6700.00
4071190   0359     1200.00
4071390   0359     1200.00
4071426   0359     1200.00
4071469   0359     6700.00
4071473   0359     1200.00
4071483   0359     1200.00
4071768   0359     1200.00
4071774   0359     6700.00
4071895   0359     1200.00
4072357   0359     1200.00
4073229   0359     1200.00
4073357   0359     1200.00
4073440   0359     1200.00
4073625   0359    11500.00
4073732   0359     1200.00
4143771   0359     1200.00
4151078   0359     1200.00
4169983   0359     1200.00
4173378   0359     1200.00
4181269   0359     6700.00
4191395   0359     6700.00
4191957   0359     6700.00
4192545   0359     1200.00
4194070   0359     1200.00
4195965   0359     1200.00
4197253   0359     6700.00
4200333   0359     1200.00
4247743   0359     1200.00
4257952   0359     1200.00
4265754   0359     1200.00
4271310   0359     6700.00
4314461   0359     1200.00
4319724   0359     1200.00
4322785   0359     1200.00
4340770   0359     6700.00
4342369   0359     1200.00
4342433   0359     6700.00
4342629   0359     6700.00
4343724   0359     1200.00
4373124   0359     6700.00
4373230   0359     1200.00
4373327   0359     1200.00
4373593   0359     6700.00
4374321   0359     1200.00
4374969   0359     1200.00
4375207   0359     1200.00
4375435   0359     1200.00
4375649   0359     6700.00
4375904   0359     6700.00
4376234   0359     1200.00
4376353   0359     1200.00
4376415   0359     1200.00
4376427   0359     1200.00
4377223   0359     1200.00
4377224   0359     1200.00
4377230   0359     1200.00
4377852   0359     1200.00
4378145   0359     6700.00
4378335   0359     6700.00
4378918   0359     1200.00
4379019   0359     6700.00
4379114   0359     1200.00
4379370   0359     6700.00
4379516   0359     1200.00
4379611   0359     1200.00
4379700   0359     1200.00
4379736   0359     1200.00
4379754   0359     1200.00
4379822   0359     6700.00
4379850   0359     1200.00
4380564   0359     9100.00
4380819   0359     9100.00
4381187   0359     1200.00
4382074   0359     1200.00
4382279   0359     1200.00
4382430   0359     1200.00
4382770   0359     6700.00
4382917   0359     1200.00
4383551   0359     6700.00
4383705   0359     2200.00
4383957   0359     6700.00
4384030   0359     1200.00
4384378   0359     1200.00
4384481   0359     6700.00
4385029   0359     1200.00
4385036   0359     6700.00
4385230   0359     1200.00
4385880   0359     1200.00
4385926   0359     1200.00
4385969   0359     1200.00
4386634   0359     1200.00
4387149   0359     1200.00
4387674   0359     1200.00
4387962   0359     1200.00
4407776   0359     1200.00
4409687   0359     6700.00
4409689   0359     1200.00
4411774   0359     1200.00
4413944   0359     6700.00
4414601   0359     1200.00
4414854   0359     1200.00
4427522   0359     1200.00
4444483   0359     1200.00
4474064   0359     1200.00
4477742   0359     1200.00
4478655   0359     1200.00
4478843   0359     6700.00
4582715   0359     6700.00
4585383   0359     1200.00
4602577   0359     1200.00
4638813   0359     1200.00
4658847   0359     1200.00
4662712   0359     1200.00
4704024   0359     1200.00
4705299   0359     6700.00
4720097   0359     1200.00
4720180   0359     1200.00
4720305   0359     1200.00
4720396   0359     1200.00
4720467   0359     1200.00
4720852   0359     1200.00
4721729   0359     6700.00
4723592   0359     1200.00
4723766   0359     1200.00
4724028   0359     1200.00
4725232   0359     1200.00
4725304   0359     9100.00
4726145   0359     1200.00
4726219   0359     1200.00
4726393   0359    11500.00
4727733   0359     6700.00
4728099   0359    11500.00
4728365   0359     1200.00
4728422   0359     1200.00
4728483   0359     1200.00
4728484   0359     1200.00
4729039   0359     7900.00
4729290   0359     6700.00
4729349   0359     1200.00
4729748   0359     6700.00
4729850   0359     1200.00
4729861   0359     9100.00
4730180   0359     6700.00
4730282   0359     1200.00
4730482   0359     1200.00
4731284   0359     1200.00
4731580   0359     1200.00
4731693   0359     7900.00
4732318   0359     1200.00
4733094   0359     6700.00
4733356   0359     6700.00
4733503   0359     1200.00
4733838   0359     1200.00
4733929   0359     1200.00
4734179   0359     1200.00
4734258   0359     1200.00
4734536   0359     1200.00
4734543   0359     1200.00
4734741   0359     6700.00
4735332   0359     6700.00
4736352   0359    16100.00
4737037   0359     1200.00
4737600   0359     1200.00
4738280   0359     1200.00
4738315   0359    10300.00
4738399   0359     1200.00
4738543   0359     1200.00
4738894   0359     1200.00
4738920   0359     6700.00
4739646   0359     6700.00
4775053   0359     6700.00
4795864   0359     1200.00
4797018   0359     9200.00
4801689   0359     1200.00
4802996   0359     1200.00
4803381   0359     1200.00
4803667   0359     1200.00
4805110   0359     1200.00
4805962   0359     1200.00
4813720   0359     1200.00
4836843   0359     6700.00
4886591   0359     6700.00
4917751   0359     1200.00
4919384   0359     7900.00
4952121   0359     1200.00
4961659   0359     1200.00
5010790   0359     1200.00
5029986   0359     6700.00
5059359   0359     6700.00
5105093   0359     1200.00
5124723   0359     1200.00
5124918   0359     1200.00
5137926   0359     1200.00
5138892   0359     1200.00
5164115   0359     1200.00
5200024   0359     1200.00
5205239   0359     7900.00
5215950   0359     6700.00
5237939   0359     7900.00
5238455   0359     1200.00
5239821   0359     1200.00
5240155   0359     1200.00
5240806   0359     1200.00
5242103   0359     1200.00
5242212   0359     1200.00
5242622   0359     1200.00
5243094   0359     1200.00
5243733   0359     3200.00
5244025   0359     1200.00
5244059   0359     1200.00
5244168   0359     1200.00
5244876   0359     6700.00
5245003   0359     6700.00
5245523   0359     1200.00
5245599   0359     1200.00
5245864   0359     1200.00
5245867   0359     6700.00
5245960   0359     1200.00
5246076   0359     1200.00
5246212   0359     1200.00
5246246   0359     1200.00
5246645   0359     1200.00
5246899   0359     1200.00
5246981   0359     1200.00
5246997   0359     6700.00
5247159   0359     1200.00
5247443   0359     1200.00
5247538   0359     6700.00
5247564   0359     6700.00
5248282   0359     1200.00
5248742   0359     1200.00
5250041   0359     1200.00
5250498   0359     1200.00
5250571   0359     1200.00
5250737   0359     1200.00
5250813   0359     1200.00
5250823   0359     1200.00
5251109   0359     1200.00
5251199   0359     1200.00
5251273   0359     1200.00
5252155   0359     1200.00
5253127   0359     1200.00
5253262   0359     1200.00
5254904   0359     6700.00
5254929   0359     6700.00
5255338   0359     6700.00
5257266   0359     1200.00
5257331   0359     8900.00
5257355   0359     6700.00
5258454   0359     1200.00
5258876   0359     1200.00
5258909   0359     1200.00
5261018   0359     1200.00
5261026   0359     6700.00
5261313   0359     6700.00
5261704   0359     1200.00
5261859   0359     1600.00
5261927   0359     1200.00
5267309   0359     6700.00
5278798   0359     1200.00
5309414   0359     1200.00
5310169   0359     1200.00
5314714   0359     1200.00
5320782   0359     1200.00
5321231   0359     1200.00
5321685   0359     1200.00
5323183   0359    13900.00
5323487   0359     6700.00
5323898   0359     1200.00
5344111   0359     9100.00
5363814   0359    10100.00
5366155   0359     1200.00
5367478   0359     1200.00
5406855   0359     1200.00
5411118   0359     1200.00
5436067   0359     6700.00
5436111   0359     1200.00
5436816   0359     1200.00
5439837   0359     1200.00
5456133   0359     6700.00
5505446   0359     1200.00
5509370   0359     1200.00
5539985   0359     6700.00
5542763   0359     6700.00
5565646   0359     1200.00
5573107   0359     6700.00
5666251   0359     9100.00
5747878   0359     6700.00
5757041   0359     1200.00
5765143   0359     1200.00
5784270   0359     1200.00
5787088   0359     1200.00
5886859   0359     6700.00
5917122   0359     1200.00
5920327   0359     1200.00
5921045   0359     1200.00
5922821   0359     1200.00
5930501   0359     1200.00
5930540   0359     1200.00
5930623   0359     1200.00
5931461   0359     1200.00
5931609   0359     6700.00
5931940   0359     1200.00
5935500   0359     1200.00
5937304   0359     1200.00
5938164   0359     6700.00
5939210   0359     1200.00
5940109   0359     6700.00
5947802   0359     6700.00
5950701   0359     1200.00
5955680   0359     1200.00
5964223   0359     1200.00
6011451   0359     6700.00
6031584   0359     6700.00
6059269   0359     1200.00
6094889   0359     1200.00
6118163   0359     6700.00
6155499   0359     1200.00
6214201   0359     1200.00
6237794   0359     1200.00
6243478   0359     1200.00
6283275   0359     1200.00
6301160   0359     1200.00
6316107   0359     1200.00
6323716   0359     1200.00
6359623   0359     1200.00
6365846   0359     6700.00
6367151   0359     6700.00
6374075   0359     1200.00
6407130   0359     1200.00
6419459   0359     1200.00
6447443   0359     6700.00
6448504   0359     1200.00
6469545   0359     1200.00
6551318   0359     1200.00
6568625   0359     1200.00
6573287   0359     1200.00
6573489   0359     1200.00
6573739   0359     7900.00
6576757   0359     1200.00
6727700   0359     1200.00
6850154   0359     1200.00
6907770   0359     1200.00
6932414   0359     6700.00
7151287   0359     7900.00
7222809   0359     1200.00
7223929   0359     1200.00
7300089   0359     1200.00
7300140   0359     1200.00
7300590   0359     1200.00
7301589   0359     6700.00
7302502   0359     1200.00
7302586   0359     1200.00
7302771   0359     6700.00
7303060   0359     6700.00
7303085   0359     1200.00
7304727   0359     1200.00
7305141   0359     1200.00
7305216   0359     6700.00
7305257   0359     1200.00
7305361   0359     1200.00
7305575   0359     1200.00
7305580   0359     1200.00
7306080   0359     1200.00
7307817   0359     1200.00
7308067   0359     6700.00
7308532   0359     1200.00
7308983   0359     1200.00
7309374   0359     6700.00
7310427   0359     1200.00
7310561   0359     1200.00
7310726   0359     1200.00
7311596   0359     1200.00
7312338   0359     1200.00
7312740   0359     1200.00
7312929   0359     1200.00
7313360   0359     6700.00
7313668   0359     1200.00
7313918   0359     1200.00
7314115   0359     1200.00
7314731   0359     1200.00
7315124   0359     6700.00
7315523   0359     1200.00
7315550   0359     1200.00
7316108   0359     1200.00
7316649   0359     1200.00
7316719   0359     1200.00
7316940   0359     6700.00
7317578   0359     1200.00
7317649   0359     1200.00
7317821   0359    15100.00
7317853   0359     1200.00
7318066   0359     1200.00
7318317   0359     7900.00
7318325   0359     1200.00
7318792   0359     1200.00
7319870   0359     6700.00
7319905   0359     1200.00
7320672   0359     1200.00
7321688   0359     1200.00
7321769   0359     1200.00
7321982   0359     6700.00
7322080   0359     6700.00
7322134   0359     1200.00
7322763   0359     6200.00
7322836   0359     1200.00
7323089   0359     1200.00
7323183   0359     1200.00
7325271   0359     6700.00
7326329   0359     6700.00
7328182   0359     1200.00
7329457   0359     1200.00
7330920   0359     5500.00
7331755   0359     3200.00
7332214   0359     1200.00
7332411   0359     6700.00
7332966   0359     1200.00
7333932   0359     6700.00
7334595   0359     6700.00
7336343   0359     1200.00
7336501   0359     1200.00
7337953   0359     1200.00
7341536   0359     6700.00
7342071   0359     6700.00
7342088   0359     1200.00
7343515   0359     1200.00
7344034   0359     1200.00
7344293   0359     1200.00
7347459   0359     6700.00
7347644   0359     6700.00
7347892   0359     6700.00
7348176   0359    16300.00
7348245   0359     9100.00
7348766   0359     6700.00
7349773   0359     1200.00
7350046   0359     1700.00
7350444   0359     1200.00
7350606   0359     1200.00
7350888   0359     1200.00
7351308   0359     1200.00
7352503   0359     1200.00
7352919   0359     1200.00
7353473   0359     6700.00
7353556   0359     6700.00
7353595   0359     6700.00
7355184   0359     1200.00
7355683   0359     1200.00
7355786   0359     1200.00
7355917   0359     1200.00
7355968   0359     1200.00
7357051   0359    11200.00
7357240   0359     1200.00
7357477   0359     6700.00
7358881   0359     1200.00
7358901   0359     1200.00
7359397   0359     1200.00
7359803   0359     6700.00
7360036   0359     1200.00
7360699   0359     1200.00
7360955   0359     6700.00
7361198   0359     6700.00
7361468   0359     1200.00
7361771   0359     1200.00
7363399   0359     1200.00
7363406   0359     6700.00
7364900   0359     6700.00
7364945   0359    10300.00
7365735   0359     1200.00
7365895   0359     1200.00
7365897   0359     1200.00
7366113   0359     1200.00
7366404   0359     7200.00
7366695   0359     6700.00
7367202   0359     6700.00
7367387   0359     1200.00
7367828   0359     1200.00
7368434   0359     1200.00
7368525   0359     1200.00
7368750   0359     1200.00
7369143   0359     1200.00
7370029   0359     1200.00
7370467   0359    13900.00
7371601   0359     6700.00
7371955   0359     6700.00
7371960   0359     6700.00
7372572   0359     1200.00
7372579   0359     1200.00
7373130   0359     6700.00
7373388   0359     1200.00
7374775   0359     1200.00
7374853   0359     1200.00
7375701   0359     1200.00
7375921   0359     1200.00
7375966   0359     9020.83
7376487   0359     1200.00
7376528   0359     6700.00
7377168   0359     1200.00
7377253   0359     1200.00
7378660   0359     1200.00
7378753   0359     6700.00
7378949   0359     6700.00
7380377   0359     1200.00
7380612   0359     1200.00
7380681   0359     1200.00
7380744   0359     1200.00
7380988   0359     6700.00
7381367   0359     1200.00
7382165   0359     1200.00
7382795   0359     1200.00
7383424   0359     1200.00
7384592   0359     1200.00
7384776   0359     6700.00
7387319   0359     9100.00
7387375   0359     6700.00
7387921   0359     1200.00
7388699   0359     6700.00
7388980   0359     1200.00
7389505   0359     1200.00
7389891   0359     1200.00
7390231   0359     1200.00
7391382   0359     1200.00
7391401   0359     1200.00
7391545   0359     1200.00
7393565   0359     1200.00
7393772   0359     6700.00
7394145   0359     1200.00
7394359   0359     1200.00
7395470   0359     6700.00
7395604   0359     6700.00
7395649   0359     1200.00
7395844   0359     1200.00
7396279   0359     1200.00
7396536   0359     1200.00
7397321   0359     6700.00
7398934   0359     1200.00
7398952   0359     1200.00
7399337   0359     1200.00
7399812   0359     6700.00
7400347   0359     1200.00
7400354   0359     1200.00
7400913   0359     1200.00
7401168   0359     1200.00
7401423   0359     3200.00
7402551   0359    10200.00
7403247   0359     1200.00
7403327   0359     6700.00
7403877   0359     6700.00
7404195   0359     7700.00
7404948   0359     1200.00
7405520   0359     6700.00
7405546   0359     7900.00
7405871   0359     1200.00
7406485   0359     6700.00
7407933   0359     1200.00
7409709   0359     1200.00
7410581   0359     6700.00
7411376   0359     6700.00
7411525   0359     1200.00
7411822   0359     1200.00
7412232   0359     1200.00
7412319   0359     6700.00
7412457   0359     1200.00
7412834   0359     1200.00
7413316   0359     1200.00
7413385   0359     7900.00
7414432   0359     6700.00
7414668   0359     6700.00
7415078   0359     6700.00
7415319   0359     6700.00
7415522   0359     9200.00
7415630   0359     6700.00
7415837   0359    10300.00
7416049   0359     1200.00
7416290   0359     7900.00
7416422   0359     1200.00
7416623   0359     1200.00
7416898   0359     1200.00
7417505   0359     6700.00
7418482   0359     1200.00
7419422   0359     6700.00
7420154   0359     1200.00
7420636   0359     1200.00
7420666   0359     6700.00
7420840   0359     1200.00
7421662   0359     1200.00
7421755   0359    10200.00
7421858   0359     6700.00
7422563   0359     1200.00
7422692   0359     7200.00
7423418   0359     1200.00
7423890   0359     1200.00
7425300   0359     6700.00
7425658   0359     1200.00
7426331   0359     1200.00
7427109   0359     6700.00
7427316   0359     6700.00
7428500   0359     6700.00
7431797   0359     6700.00
7432019   0359     7900.00
7433111   0359     6700.00
7433432   0359     6700.00
7434143   0359     6700.00
7434546   0359     1200.00
7434834   0359     6700.00
7435131   0359     6700.00
7435425   0359     1200.00
7435481   0359     1200.00
7436151   0359     6700.00
7436519   0359     1200.00
7436614   0359     1200.00
7436626   0359     1200.00
7437814   0359     1200.00
7437948   0359     1200.00
7438017   0359     6700.00
7438171   0359     7900.00
7438357   0359     1200.00
7438663   0359     1200.00
7438815   0359     1200.00
7439079   0359    17000.00
7439107   0359     6700.00
7439168   0359     6700.00
7439205   0359     1200.00
7439778   0359     1200.00
7439973   0359     1200.00
7443389   0359     6700.00
7443592   0359     6700.00
7443951   0359     7900.00
7444319   0359     1200.00
7444544   0359     1200.00
7445338   0359     1200.00
7445648   0359     1200.00
7445926   0359     6700.00
7447673   0359     1200.00
7448230   0359     1200.00
7448260   0359     6700.00
7448613   0359     1200.00
7448614   0359     6700.00
7449566   0359     1200.00
7449684   0359     1200.00
7450663   0359     1200.00
7450726   0359     1200.00
7451862   0359     7900.00
7453177   0359     6700.00
7453389   0359     1200.00
7453822   0359     1200.00
7454304   0359     6700.00
7454788   0359     1200.00
7454827   0359     1200.00
7455169   0359     1200.00
7457630   0359     7900.00
7458225   0359     6700.00
7461064   0359     6700.00
7462097   0359     6700.00
7462387   0359     1200.00
7462845   0359     1200.00
7463579   0359     1200.00
7463695   0359     9100.00
7464212   0359     6700.00
7464996   0359     1200.00
7465005   0359     1200.00
7465818   0359     1200.00
7466495   0359     6700.00
7466923   0359     6700.00
7467225   0359     1200.00
7469015   0359     6700.00
7469299   0359    15700.00
7469325   0359     6700.00
7500225   0359     6700.00
7520927   0359     1200.00
7543432   0359     1200.00
7548756   0359     1200.00
7553325   0359     6700.00
7553376   0359     6700.00
7556042   0359     6700.00
7559786   0359     1200.00
7578387   0359     1200.00
7581406   0359     6700.00
7584137   0359     1200.00
7585744   0359     9100.00
7588900   0359     6700.00
7598973   0359     1200.00
7628581   0359     1200.00
7667892   0359     6700.00
7711678   0359     6700.00
7739015   0359     6700.00
7739612   0359     6700.00
7810020   0359     1200.00
7829633   0359     1200.00
7834681   0359     6700.00
7864350   0359     1200.00
7864401   0359     6700.00
7879592   0359     6700.00
7906459   0359     1200.00
7913275   0359     1200.00
7913972   0359     6700.00
7983783   0359     1200.00
7985978   0359     6700.00
7989864   0359     6700.00
8003143   0359     1200.00
8004949   0359     1200.00
8006401   0359     6700.00
8019810   0359     6700.00
8037868   0359     1200.00
8042617   0359     1200.00
8047175   0359     6700.00
8059141   0359     1200.00
8064442   0359     1200.00
8065284   0359     1200.00
8080787   0359     1200.00
8131551   0359     1200.00
8134301   0359     9100.00
8139751   0359     1200.00
8145504   0359     1200.00
8183394   0359     6700.00
8184812   0359     1200.00
8377079   0359     1200.00
8497559   0359     1200.00
8510080   0359     1200.00
8510463   0359     6700.00
8514210   0359     1200.00
8566455   0359     1200.00
8597625   0359     1200.00
8621245   0359     1200.00
8626227   0359     1200.00
8626494   0359     7900.00
8661492   0359     1200.00
8661537   0359     1200.00
8667918   0359    11700.00
8718854   0359     6700.00
8838381   0359     1200.00
8839971   0359     1200.00
8883685   0359     6700.00
8925124   0359     6700.00
8942018   0359     1200.00
8997559   0359     1200.00
9115219   0359     1200.00
9116078   0359     9100.00
9117482   0359     1200.00
9117638   0359     1200.00
9117973   0359     6700.00
9146503   0359     1200.00
9152106   0359     1200.00
9212207   0359    11500.00
9221305   0359     1200.00
9225833   0359     1200.00
9260300   0359    18100.00
9262472   0359     1200.00
9263488   0359     6700.00
9378491   0359    11500.00
9388103   0359    10300.00
9469184   0359     1200.00
9496041   0359     1200.00
9503857   0359    14700.00
9535956   0359     1200.00
9539927   0359     1200.00
9540279   0359     6700.00
9540302   0359     9100.00
9540437   0359     6700.00
9540925   0359     1200.00
9541024   0359     6700.00
9541107   0359     1200.00
9541210   0359     1200.00
9541563   0359     1200.00
9541585   0359     6700.00
9541775   0359     6700.00
9542139   0359     6700.00
9542856   0359     1200.00
9543164   0359     1200.00
9543371   0359     6700.00
9543388   0359     1200.00
9544276   0359     1200.00
9544391   0359     6700.00
9545211   0359    10300.00
9546634   0359     1200.00
9546883   0359    11200.00
9547520   0359     1200.00
9550303   0359     1200.00
9551954   0359     6700.00
9552378   0359     6700.00
9552477   0359     1200.00
9552800   0359    10200.00
9553678   0359     6700.00
9553834   0359     1200.00
9554495   0359     1200.00
9554996   0359     6700.00
9555229   0359     1200.00
9555523   0359     1200.00
9556299   0359     1200.00
9556488   0359     6700.00
9557416   0359     1200.00
9559123   0359     1200.00
9559731   0359     6700.00
9572246   0359     6700.00
9574116   0359     6700.00
9575091   0359     1700.00
9575137   0359     1200.00
9576068   0359     1200.00
9576160   0359     6700.00
9577900   0359     1200.00
9579038   0359     6700.00
9591752   0359     7900.00
9600521   0359     1200.00
9600627   0359     1200.00
9600700   0359     6700.00
9600744   0359     6700.00
9600839   0359     1200.00
9601246   0359     1200.00
9601591   0359     1200.00
9601773   0359     6700.00
9601888   0359     1200.00
9603416   0359     6700.00
9604569   0359     1200.00
9604722   0359     1200.00
9605908   0359     1200.00
9606361   0359     6700.00
9607446   0359     1200.00
9609458   0359     1200.00
9610351   0359     6700.00
9610531   0359     1200.00
9610979   0359     9100.00
9611372   0359     7900.00
9612516   0359     6700.00
9612649   0359     1200.00
9613445   0359     6700.00
9614990   0359     1200.00
9615132   0359     6700.00
9615671   0359     1200.00
9615933   0359     6700.00
9616086   0359     1200.00
9617131   0359     1200.00
9617198   0359     6700.00
9617387   0359     1200.00
9617675   0359     6700.00
9618054   0359     6700.00
9619991   0359     1200.00
9620561   0359     6700.00
9620903   0359     7900.00
9621096   0359     6700.00
9622182   0359     7900.00
9622892   0359     6700.00
9623660   0359     6700.00
9625263   0359     6700.00
9625461   0359     9100.00
9625856   0359     7900.00
9626206   0359     1200.00
9626220   0359     1200.00
9627175   0359     7900.00
9627225   0359     1200.00
9627450   0359     1200.00
9627775   0359    11500.00
9628226   0359     1200.00
9628286   0359     1200.00
9628484   0359     1200.00
9629056   0359     1200.00
9629207   0359     1200.00
9629367   0359     1200.00
9629439   0359     1200.00
9629525   0359     6700.00
9634046   0359     1200.00
9634329   0359     1200.00
9637200   0359     6700.00
9638049   0359     1200.00
9638845   0359     6700.00
9683097   0359     1200.00
9700405   0359     1700.00
9711638   0359     1200.00
9727308   0359     6700.00
9805442   0359     1200.00
9841163   0359     1200.00
9847954   0359     1200.00
9848726   0359     6700.00
9850067   0359     6700.00
9852548   0359     1200.00
9854544   0359     1200.00
9900643   0359     1200.00
9990273   0359     1200.00
10106823  0359     6700.00
10111501  0359     1200.00
10114523  0359     6700.00
10116375  0359     6700.00
10126429  0359     1200.00
10128563  0359     1200.00
10131286  0359     7758.33
10143959  0359     1200.00
10159059  0359     1200.00
10163771  0359     1200.00
10192236  0359     1200.00
10255608  0359     1200.00
10261531  0359     6700.00
10284909  0359    10700.00
10310221  0359     1200.00
10313048  0359     1200.00
10368904  0359     1200.00
10399061  0359     6700.00
10423328  0359     1200.00
10423781  0359     1200.00
10504626  0359     9100.00
10547265  0359     6700.00
10558420  0359     1200.00
10562886  0359     6700.00
10596657  0359    10300.00
10597277  0359     7466.67
10712573  0359     6700.00
10753002  0359     7900.00
10762034  0359     6700.00
10765613  0359     1200.00
10765762  0359     7900.00
10768911  0359     1200.00
10769928  0359     1200.00
10770826  0359     8200.00
10771723  0359     9100.00
10773080  0359     6700.00
10773568  0359     1200.00
10773707  0359     1200.00
10774212  0359     6700.00
10774258  0359     1200.00
10774288  0359     1200.00
10774305  0359     1200.00
10774935  0359     1200.00
10775051  0359     1200.00
10775474  0359     6700.00
10775749  0359     6700.00
10776706  0359     6700.00
10776727  0359     1200.00
10776990  0359     1200.00
10777400  0359     1200.00
10777421  0359     1200.00
10777482  0359     1200.00
10777835  0359     1200.00
10779246  0359     1200.00
10779480  0359     6700.00
10779911  0359     1200.00
10779986  0359     1200.00
10794551  0359     1200.00
10842308  0359     1200.00
10842503  0359     1200.00
10843585  0359     1200.00
10844499  0359     1200.00
10845809  0359    10300.00
10845936  0359     1200.00
10845944  0359     7900.00
10846511  0359     1200.00
10846662  0359     6700.00
10847219  0359     9100.00
10847393  0359    16300.00
10847888  0359     6700.00
10849186  0359     1200.00
10849260  0359     1200.00
10849268  0359     1200.00
10849292  0359     1200.00
10859811  0359     1200.00
10859877  0359     1200.00
10955206  0359     6700.00
10956715  0359     1200.00
10956794  0359     6700.00
10956824  0359     6700.00
10957174  0359     1200.00
10957694  0359     6700.00
10958128  0359     6700.00
10958413  0359     1200.00
10962819  0359     6700.00
10964356  0359     6700.00
10964434  0359     1200.00
10964754  0359     6700.00
10993828  0359     6700.00
11026365  0359     1200.00
11036781  0359     1200.00
11077995  0359     6700.00
11078096  0359     1200.00
11260566  0359     1200.00
11260945  0359     1200.00
11261642  0359     1200.00
11261785  0359     1200.00
11261804  0359     1200.00
11263061  0359     1200.00
11263234  0359     1200.00
11264041  0359     6700.00
11264165  0359     1200.00
11264395  0359    11700.00
11264925  0359     1200.00
11265385  0359     1200.00
11266801  0359     6700.00
11266896  0359     1200.00
11268711  0359     1200.00
11268761  0359     1200.00
11318872  0359     6700.00
11320958  0359     6700.00
11364701  0359     6700.00
11425065  0359    10200.00
11427399  0359     1200.00
11428859  0359     6700.00
11431902  0359     1200.00
11432381  0359     1200.00
11432419  0359     1200.00
11433141  0359     6700.00
11433199  0359     9100.00
11433519  0359     1200.00
11434651  0359     1200.00
11463913  0359     1200.00
11494896  0359     6700.00
11582073  0359     1200.00
11582442  0359     6700.00
11585970  0359     9100.00
11586939  0359     1200.00
11593238  0359     1200.00
11593876  0359     1200.00
11595475  0359     1200.00
11595607  0359     1200.00
11596272  0359     1200.00
11597172  0359     1200.00
11597396  0359     1200.00
11597473  0359     1200.00
11598017  0359     6700.00
11599028  0359     1200.00
11615524  0359     1200.00
11619748  0359     1200.00
11649919  0359     1200.00
11695484  0359     6700.00
11697340  0359     1200.00
11752912  0359     1200.00
11783192  0359     6700.00
11783608  0359     1200.00
11783612  0359     1200.00
11783941  0359     1200.00
11783943  0359     9100.00
11784028  0359     6700.00
11784143  0359     6700.00
11784714  0359     6700.00
11785233  0359     6700.00
11786324  0359     6700.00
11787084  0359     1200.00
11787311  0359     1200.00
11787807  0359     1200.00
11787834  0359     6700.00
11788341  0359     6700.00
11788585  0359     1200.00
11788633  0359     6700.00
11789357  0359    11500.00
11789660  0359     1200.00
11790131  0359     1200.00
11790240  0359     1200.00
11790299  0359     6700.00
11791505  0359     1200.00
11792559  0359     1200.00
11847048  0359     1200.00
11848428  0359     6700.00
11871906  0359     1200.00
11877881  0359     8900.00
11877964  0359     1200.00
11878931  0359     1200.00
11879533  0359     6700.00
11879678  0359     6700.00
11880519  0359     6700.00
11881616  0359     6700.00
11882873  0359     1200.00
11883310  0359    10300.00
11883520  0359     6700.00
11883646  0359     1200.00
11986380  0359     1200.00
11997075  0359     5500.00
12019691  0359     1200.00
12019714  0359     1200.00
12020013  0359     1200.00
12021174  0359     1200.00
12021961  0359     1200.00
12023133  0359     6700.00
12025914  0359     6700.00
12026840  0359     1200.00
12056388  0359     1200.00
12080553  0359     7900.00
12237097  0359     1200.00
12241176  0359     6700.00
12241480  0359    10700.00
12241605  0359     1200.00
12242390  0359     1200.00
12245803  0359     7900.00
12246957  0359     1200.00
12246963  0359     1200.00
12247899  0359     1200.00
12247985  0359     6700.00
12248157  0359     6700.00
12248443  0359     1200.00
12248656  0359     1200.00
12248989  0359     1200.00
12249505  0359    11700.00
12249727  0359     6700.00
12250476  0359     6700.00
12250533  0359     1200.00
12250914  0359     6700.00
12307786  0359     1200.00
12331960  0359     6700.00
12371145  0359     6700.00
12384220  0359     6700.00
12401551  0359     1200.00
12432250  0359     6700.00
12432524  0359     6700.00
12434126  0359     1200.00
12434290  0359     6700.00
12434585  0359     1200.00
12435402  0359     1200.00
12435893  0359     1200.00
12449714  0359     1200.00
12450293  0359     1200.00
12450420  0359     6700.00
12534692  0359     1200.00
12534711  0359     1200.00
12535213  0359     6700.00
12535879  0359     1200.00
12594014  0359     1200.00
12594015  0359     1200.00
12594308  0359     6700.00
12625246  0359     1200.00
12646851  0359     1200.00
12686168  0359     1200.00
12690930  0359     1200.00
12691198  0359    11700.00
12691343  0359     1200.00
12691379  0359     6700.00
12698267  0359     6700.00
12699271  0359     1200.00
12699782  0359     1200.00
12700889  0359     7900.00
12701808  0359     6700.00
12702070  0359     1200.00
12703011  0359     6700.00
12703185  0359     1200.00
12703748  0359     1200.00
12704351  0359     6700.00
12704504  0359     1200.00
12704866  0359     6700.00
12704988  0359     1200.00
12706462  0359     1200.00
12707315  0359     6700.00
12707906  0359     1200.00
12724692  0359     1200.00
12727130  0359     6700.00
12761502  0359     6700.00
12849319  0359     1200.00
12850839  0359     6700.00
12883157  0359     1200.00
12883751  0359     1200.00
12884486  0359     7900.00
12935053  0359     6200.00
12935139  0359     6700.00
12935242  0359     1200.00
12943987  0359     1200.00
12951033  0359     6700.00
12955544  0359     1200.00
13032477  0359     1200.00
13035497  0359     7900.00
13035649  0359     6700.00
13035868  0359     6700.00
13084022  0359     1200.00
13084868  0359     1200.00
13103163  0359     1200.00
13112714  0359     1200.00
13179882  0359     1200.00
13180722  0359     1200.00
13187220  0359     1200.00
13187518  0359     1200.00
13188784  0359     1200.00
13189657  0359     7900.00
13196214  0359     1200.00
13196732  0359     6700.00
13197476  0359     1200.00
13264065  0359     6700.00
13264263  0359     1200.00
13266743  0359     1200.00
13268177  0359     6700.00
13268946  0359     1200.00
13269102  0359     1200.00
13306105  0359     6700.00
13315522  0359     6700.00
13343848  0359     1200.00
13346269  0359     1200.00
13408167  0359     1200.00
13408363  0359     1200.00
13435420  0359     1200.00
13503098  0359     1200.00
13504562  0359     1200.00
13505484  0359     1200.00
13510170  0359     6700.00
13510177  0359     1200.00
13543480  0359    20500.00
13543483  0359     1200.00
13566675  0359     1200.00
13567390  0359     6700.00
13590682  0359     1200.00
13603653  0359     6700.00
13619383  0359     1200.00
13643914  0359     1200.00
13644798  0359     1200.00
13651067  0359     1200.00
13651169  0359    20300.00
13652646  0359     1200.00
13674626  0359     1200.00
13679027  0359     1200.00
13679623  0359     1200.00
13679805  0359     1200.00
13696321  0359     6700.00
13776299  0359     1200.00
13785078  0359     6700.00
13842065  0359     1200.00
13842912  0359     1200.00
13843709  0359     1200.00
13856817  0359     1200.00
13867590  0359     6700.00
13880787  0359     6700.00
13921330  0359     6700.00
13921692  0359     1200.00
13922236  0359     1200.00
13922681  0359     1200.00
13990605  0359     1200.00
14003828  0359     1200.00
14030392  0359     1200.00
14031265  0359     1200.00
14031470  0359     1200.00
14031622  0359     1700.00
14094748  0359     1200.00
14094908  0359     1200.00
14094909  0359     6700.00
14160585  0359     1200.00
14160586  0359     6700.00
14160659  0359     1200.00
14176202  0359     1200.00
14217475  0359     6700.00
14245492  0359     1200.00
14269328  0359    11700.00
14269417  0359     7900.00
14280628  0359     1200.00
14293554  0359     1200.00
14334198  0359     1200.00
14353854  0359     1200.00
14399202  0359     1200.00
14399915  0359     1200.00
14404898  0359     1200.00
14405323  0359     1200.00
14440368  0359     6700.00
14482756  0359     1200.00
14483380  0359     7900.00
14512237  0359     1200.00
14512250  0359     1200.00
14512352  0359     1200.00
14512433  0359     6700.00
14512791  0359     1200.00
14590342  0359     6700.00
14590451  0359     1200.00
14590638  0359     1200.00
14591175  0359     6700.00
14591981  0359     1200.00
14593038  0359     6700.00
14593776  0359     1200.00
14649021  0359     1200.00
14649804  0359     1200.00
14695589  0359     6700.00
14696651  0359     1200.00
14732859  0359     1200.00
14750430  0359     1200.00
14750838  0359     9100.00
14759323  0359     1200.00
14760657  0359     1200.00
14810540  0359     6700.00
14825257  0359     1200.00
14826321  0359     1200.00
14826645  0359     1200.00
14833356  0359     1200.00
14842276  0359     1200.00
14843839  0359     1200.00
14877160  0359     1200.00
14878503  0359     1200.00
14878863  0359     1200.00
14878946  0359     1200.00
14879352  0359     1200.00
14880598  0359     1200.00
14896230  0359     1200.00
14938393  0359     1200.00
14938954  0359     1200.00
14979466  0359     1200.00
14979929  0359     1200.00
15004174  0359     1200.00
15018154  0359     1200.00
15093839  0359     1200.00
15094359  0359     1200.00
15170262  0359     1200.00
15170507  0359     1200.00
15170773  0359     1200.00
15171141  0359     6700.00
15175445  0359     1200.00
15228133  0359    10300.00
15228660  0359     1200.00
15228828  0359     1200.00
15228930  0359    10300.00
15230332  0359     1200.00
15230468  0359     1200.00
15263252  0359     1200.00
15264240  0359     6700.00
15264849  0359    12700.00
15265532  0359     1200.00
15265534  0359     1200.00
15265564  0359     1200.00
15273713  0359     1200.00
15283014  0359     1200.00
15305238  0359     1200.00
15305485  0359     6700.00
15307977  0359     1200.00
15320959  0359     1200.00
15351324  0359     1200.00
15352276  0359     6700.00
15352823  0359     1200.00
15408193  0359     1200.00
15413239  0359     1200.00
15424020  0359     1200.00
15425265  0359     1200.00
15425954  0359     1200.00
15427670  0359     1200.00
15444037  0359     1200.00
15446157  0359     1200.00
15447810  0359     1200.00
15448132  0359     6700.00
15448262  0359     1200.00
15448453  0359     1200.00
15492628  0359     1200.00
15512149  0359     6700.00
15580833  0359     1200.00
15597041  0359     1200.00
15598071  0359     1200.00
15598936  0359     1200.00
15598986  0359     1200.00
15599068  0359     1200.00
15599708  0359     1200.00
15666128  0359     6700.00
15666352  0359     6700.00
15667636  0359     1200.00
15667957  0359     1200.00
15728686  0359    12700.00
15729563  0359     6700.00
15729891  0359     1200.00
15730154  0359     1200.00
15730751  0359    22900.00
15730847  0359     6700.00
15748399  0359     1200.00
15767146  0359     1200.00
15767263  0359     5000.00
15776552  0359     1200.00
15776898  0359     1200.00
15778133  0359     1200.00
15817388  0359     1200.00
15886945  0359     1200.00
15917630  0359     1200.00
15961140  0359     1200.00
15961360  0359     1200.00
15996617  0359     1200.00
16001604  0359     6700.00
16065323  0359     1200.00
16088399  0359     1200.00
16088859  0359     1200.00
16089140  0359     1200.00
16090358  0359     6700.00
16137484  0359     1200.00
16138219  0359     6700.00
16139600  0359     1200.00
16235522  0359     1200.00
16278354  0359     1200.00
16278508  0359     5500.00
16322220  0359     1200.00
16322824  0359     1200.00
16322828  0359     1200.00
16324910  0359     1200.00
16328270  0359     1200.00
16386079  0359     1200.00
16402362  0359     1200.00
16404188  0359     1200.00
16404500  0359     1200.00
16417442  0359     1200.00
16530779  0359     1200.00
16531405  0359     1200.00
16532624  0359     6700.00
16532913  0359     1200.00
16584605  0359     1200.00
16584953  0359     1200.00
16585310  0359     1200.00
16585442  0359     6700.00
16641419  0359     1200.00
16641427  0359     1200.00
16643519  0359     1200.00
16749394  0359     1200.00
16749676  0359    10700.00
16749805  0359     1200.00
16749939  0359     6700.00
16750460  0359     1200.00
16750833  0359     6700.00
16769137  0359     1200.00
16769866  0359     1200.00
16794529  0359     1200.00
16795112  0359     1200.00
16796828  0359     6700.00
16802344  0359     1200.00
16882063  0359     1200.00
16899409  0359     6700.00
17011428  0359     1200.00
17011879  0359     1200.00
17013224  0359     1200.00
17017822  0359     1200.00
17034836  0359     6700.00
17035869  0359     1200.00
17035870  0359     6700.00
17049837  0359     1200.00
17101368  0359     1200.00
17104892  0359     5200.00
17132371  0359     9200.00
17133558  0359     1200.00
17195681  0359     1200.00
17196465  0359     1200.00
17229858  0359     6700.00
17256258  0359     1200.00
17307100  0359     1200.00
17320262  0359     1200.00
17327598  0359     1200.00
17343737  0359     1200.00
17379784  0359     1200.00
17478732  0359     1200.00
17504786  0359     6700.00
17507197  0359     1200.00
17507963  0359     1200.00
17523638  0359     1200.00
17573160  0359     1200.00
17574419  0359     1200.00
17638737  0359     1200.00
17639599  0359     1200.00
17728381  0359     1200.00
17728744  0359     1200.00
17782996  0359     1200.00
17783769  0359     1200.00
17805619  0359     1200.00
17852463  0359     1200.00
17854759  0359     1200.00
17859645  0359     1200.00
17859926  0359     1200.00
17941135  0359     1200.00
17942257  0359     1200.00
18057004  0359     1200.00
18057319  0359     1200.00
18059654  0359     1200.00
18059719  0359     1200.00
18262059  0359     1200.00
18262617  0359     1200.00
18263325  0359     1200.00
18305481  0359     1200.00
18333347  0359     1200.00
18334027  0359     1200.00
18410884  0359     1200.00
18527335  0359     1200.00
18527546  0359     1200.00
18736228  0359     1200.00
18964765  0359     2200.00
18990220  0359     1200.00
18997051  0359     1200.00
18998287  0359     1200.00
18998360  0359     1200.00
19047079  0359     1200.00
19063566  0359     1200.00
19103577  0359     1200.00
19105940  0359     1200.00
19113466  0359     1200.00
19166210  0359     1200.00
19262680  0359     1200.00
19323037  0359     1200.00
19431870  0359     1200.00
19432800  0359     1200.00
19483048  0359     1200.00
19483477  0359     1200.00
19483761  0359     1200.00
19590075  0359     1200.00
19697725  0359     1200.00
19726241  0359     1200.00
19886191  0359     1200.00
19887996  0359     1200.00
19957184  0359     1200.00
20008439  0359     1200.00
20010230  0359     1200.00
20044750  0359     1200.00
20178547  0359     1200.00
20186848  0359     1200.00
20189154  0359     1200.00
20241392  0359     1200.00
20348105  0359     7900.00
20351279  0359     1200.00
20470164  0359     6700.00
20471851  0359     1200.00
20671109  0359     1200.00
20672684  0359     1200.00
20922364  0359     1200.00
20929702  0359     1200.00
20929985  0359     1200.00
21140269  0359     5200.00
21140842  0359     1200.00
21142793  0359     1200.00
21295218  0359     1200.00
22198290  0359     1200.00
22330429  0359     1200.00
22332984  0359     1200.00
22333035  0359     1200.00
23812288  0359     1200.00
23813168  0359     1200.00
24158822  0359     1200.00
24160703  0359     1200.00
26049930  0359     1200.00
26120876  0359     1200.00
26187518  0359    15100.00
26846182  0359     1200.00
E-340821  0359     1200.00
E-629919  0359     1200.00
